10 0.721610
20 0.640379
30 0.248481
40 0.157070
50 0.135664
60 0.320576
70 0.327013
80 0.381078
90 0.275000
100 0.218500
110 0.181982
120 0.100620
130 0.088522
140 0.063295
150 0.083972
160 0.068672
170 0.056685
180 0.054319
190 0.057885
200 0.071578
210 0.071731
220 0.069530
230 0.053914
240 0.051074
250 0.087016
260 0.066567
270 0.049017
280 0.044655
290 0.044072
300 0.067429
310 0.068064
320 0.053594
330 0.058400
340 0.049579
350 0.087654
360 0.106863
370 0.104984
380 0.106227
390 0.068813
400 0.062758
410 0.086998
420 0.049548
430 0.041018
440 0.038310
450 0.039121
460 0.075872
470 0.077364
480 0.046560
490 0.052804
500 0.076419
510 0.097844
520 0.070660
530 0.061123
540 0.048855
550 0.041894
560 0.042637
570 0.083799
580 0.116964
590 0.091982
600 0.105429
610 0.099544
620 0.125453
630 0.088704
640 0.093311
650 0.101922
660 0.110891
670 0.097939
680 0.067197
690 0.080303
700 0.090193
710 0.096347
720 0.100726
730 0.130895
740 0.097261
750 0.069041
760 0.064090
770 0.062555
780 0.060413
790 0.062241
800 0.056706
810 0.057347
820 0.055018
830 0.060605
840 0.061295
850 0.052185
860 0.039605
870 0.033825
880 0.032064
890 0.033627
900 0.062102
910 0.066823
920 0.110731
930 0.109658
940 0.079270
950 0.094023
960 0.078911
970 0.078005
980 0.080667
990 0.083837
1000 0.082206
